692731286
692724070
691472422
691453407
691347170
691293992
682075415
680591362
680227423
679178845
679175600
679175527
679144112
678560829
677230074
677229726
677229668
675503273
675503221
675334558
670754798
670749981
670701002
670315321
670315000
212162721
212160213
211734853
211728680
211693361
211675889
208578256
208073454
207951915
207607241
207606205
207606192
207595964
207402491
206943942
206943799
206943786
206378454
206378440
206323529
204807452
204805908
204789621
204660781
204660660
